1 30
2 32
3 7
4 34
5 32
6 2
7 20
8 5
9 1
a 5
11 41

13 31
14 5
15 50
16 15
17 44
18 19
19 34
20 500
21 39
22 1
23 32
24 31
25 37
werf aew dq
28 9
29 19
30 16
31 31
32 18
33 9
34 1
35 38
36 28
37 46
38 27
39 27
40 39
41 9
42 11
43 25
44 14
45 29
46 50
47 37
48 49
49 49
50 13
51 5
52 50
53 18
54 34
55 7
56 50
57 17
58 11
59 13
60 29
61 7
62 10
63 17
64 18
65 20
66 2
67 30
68 33
69 13
70 10
71 38
72 34
73 9
74 30
75 17
76 11
77 27
78 19
79 47
80 39
81 43
82 49
83 22
84 48
85 23
86 21
87 4
88 43
89 49
90 17
91 30
92 22
93 33
94 5
95 16
96 41
97 28
98 44
99 18
100 50