1 14
2 21
3 27
4 40
5 31
6 47
7 7
8 30
9 49
10 35
11 6
12 9
13 48
14 42
15 47
16 32
17 31
18 49
19 25
20 43
21 13
22 37
23 48
24 39
25 23
26 24
27 15
28 18
29 35
30 22
31 3
32 48
33 40
34 6
35 20
36 29
37 28
38 8
39 23
40 49
41 14
42 44
43 41
44 36
45 24
46 10
47 3
48 43
49 15
50 32
51 8
52 39
53 50
54 44
55 5
56 47
57 6
58 24
59 22
60 14
61 14
62 11
63 36
64 37
65 19
66 25
67 49
68 28
69 10
70 27
71 28
72 47
73 48
74 18
75 20
76 2
77 22
78 38
79 29
80 19
81 23
82 16
83 48
84 36
85 15
86 4
87 10
88 40
89 22
90 12
91 43
92 37
93 26
94 16
95 25
96 39
97 36
98 7
99 34
100 46
